-आत 04 01 0400 01 00013205
-वर 04 01 0400 01 00010974
-वरती 04 01 0400 01 00010974
अंतर्बाह्य 04 01 0400 01 00035768
अंतिमतः 04 01 0400 01 00002093
अंती 04 01 0400 01 00002093
अंदाजे 04 01 0400 01 00002102
अंमळ 04 01 0400 01 00008861
अंशतः 04 01 0400 01 00035770
अकस्मात 04 01 0400 01 00000051
अकारण 04 01 0400 02 00002243 00002244
अक्षरशः 04 01 0400 01 00014680
अखंड 04 01 0400 01 00002868
अखेर 04 01 0400 01 00002093
अखेराला 04 01 0400 01 00002093
अखेरीस 04 01 0400 01 00002093
अगतिकपणे 04 01 0400 01 00002095
अगत्यपूर्वक 04 01 0400 01 00051015
अगदी 04 01 0400 01 00006468
अगोदर 04 01 0400 01 00006907
अचानक 04 01 0400 01 00000051
अचानकपणे 04 01 0400 01 00000051
अचूक 04 01 0400 02 00035653 00019562
अजिबात 04 01 0400 01 00006468
अजून 04 01 0400 03 00002689 00035454 00028129
अणवाणी 04 01 0400 01 00005673
अता 04 01 0400 01 00023772
अतिशय 04 01 0400 01 00013474
अतिशयोक्तीने 04 01 0400 01 00012676
अती 04 01 0400 01 00013474
अत्ता 04 01 0400 01 00011083
अत्यंत 04 01 0400 01 00013474
अत्यंत_प्रयत्नपूर्वक 04 01 0400 01 00030174
अत्यधिक 04 01 0400 01 00013474
अद्ययावत 04 01 0400 01 00002689
अद्याप 04 01 0400 01 00002689
अद्यापपर्यंत 04 01 0400 01 00002689
अद्यापवर 04 01 0400 01 00002689
अद्यापि 04 01 0400 01 00002689
अधांतरी 04 01 0400 01 00035651
अधिक 04 01 0400 01 00011702
अधिकार_नसताना 04 01 0400 01 00002827
अधिकारवाणीने 04 01 0400 01 00001812
अधिकाराने 04 01 0400 01 00001812
अधी 04 01 0400 01 00006907
अधीनपणे 04 01 0400 01 00002116
अधूनमधून 04 01 0400 01 00011076
अनवरत 04 01 0400 01 00002868
अनवसर 04 01 0400 01 00003201
अनवाणी 04 01 0400 01 00005673
अनायासे 04 01 0400 01 00000052
अनावर 04 00 01 00054052
अनिच्छेने 04 01 0400 01 00001093
अनीर्ष्येने 04 01 0400 01 00001117
अनेक_वेळा 04 01 0400 01 00007210
अनेकदा 04 01 0400 01 00007210
अन्यत्र 04 01 0400 01 00000374
अन्यदा 04 01 0400 01 00018100
अन्यसमयी 04 01 0400 01 00018100
अपराधानुसार 04 01 0400 01 00020249
अपराधाप्रमाणे 04 01 0400 01 00020249
अपाराधानुरूप 04 01 0400 01 00020249
अप्रत्यक्षतः 04 01 0400 01 00037342
अप्रत्यक्षपणे 04 01 0400 01 00037342
अभिमानपूर्वक 04 01 0400 01 00000833
अभिमानाने 04 01 0400 01 00000833
अमळ 04 01 0400 01 00008861
अमळशाने 04 01 0400 01 00001586
अमानुषपणे 04 01 0400 01 00001170
अलगद 04 01 0400 01 00035551
अलीकडे 04 01 0400 01 00002785
अल्प 04 01 0400 01 00034925
अल्पशः 04 01 0400 01 00001737
अवकाशाने 04 01 0400 01 00001586
अवचित 04 01 0400 01 00000051
अवश्य 04 01 0400 01 00030693
अवश्यमेव 04 01 0400 01 00051015
अवाक् 04 01 0400 01 00036775
अविचाराने 04 01 0400 01 00002824
अविरत 04 01 0400 01 00002868
अवेळ 04 01 0400 01 00003201
अवेळी 04 01 0400 01 00001374
अव्यवस्थितपणे 04 01 0400 01 00002092
अशा_प्रकारे 04 01 0400 01 00009891
अशाच_तर्‍हेने 04 01 0400 01 00033850
अशाच_प्रकारे 04 01 0400 01 00033850
अश्रूसंह 04 01 0400 01 00020703
अष्टौप्रहर 04 01 0400 01 00007161
असभ्यपणे 04 01 0400 01 00000529
असे 04 01 0400 01 00009891
अस्ताव्यस्त 04 01 0400 01 00033843
अहर्निश 04 01 0400 01 00007161
अहेतुक 04 01 0400 01 00001455
अहोरात्र 04 01 0400 01 00007161
आंचका_देत 04 01 0400 01 00024222
आकंठ 04 01 0400 01 00038102
आकर्ण 04 01 0400 01 00025424
आकस_न_ठेवता 04 01 0400 01 00001117
आग्रहपूर्वक 04 01 0400 01 00030692
आग्रहाने 04 01 0400 01 00030692
आज 04 01 0400 01 00014991
आजकाल 04 01 0400 01 00002785
आजन्म 04 01 0400 02 00008522 00021097
आजपर्यंत 04 01 0400 01 00002689
आजपावेतो 04 01 0400 01 00002689
आजवर 04 01 0400 01 00002689
आजीव 04 01 0400 01 00008522
आजीवन 04 01 0400 01 00021097
आजूबाजू 04 01 0400 01 00008480
आजूबाजूला 04 01 0400 01 00008480
आज्ञापूर्वक 04 01 0400 01 00004468
आज्ञेनुसार 04 01 0400 01 00010435
आठपट 04 01 0400 01 00022939
आठपटीने 04 01 0400 01 00022939
आड 04 01 0400 02 00051033 00051461
आडवा 04 01 0400 01 00054132
आणखी 04 01 0400 01 00035454
आणखीन 04 01 0400 01 00035454
आत 04 01 0400 01 00013205
आता 04 01 0400 04 00023771 00011083 00023772 00023773
आताच 04 01 0400 01 00011154
आतादेखील 04 01 0400 01 00028129
आतापर्यंत 04 01 0400 01 00002689
आतापावेतो 04 01 0400 01 00002689
आताशी 04 01 0400 01 00002785
आत्ता 04 01 0400 01 00011083
आत्ताशी 04 01 0400 01 00002785
आदरपूर्वक 04 01 0400 01 00001464
आदेशानुसार 04 01 0400 01 00010435
आद्यंत 04 01 0400 01 00002066
आधाराने 04 01 0400 01 00034841
आधी 04 01 0400 03 00006768 00006907 00035465
आधीच 04 01 0400 01 00034714
आनंदाने 04 01 0400 01 00002479
आपणहून 04 01 0400 01 00012384
आपल्या_इच्छेने 04 01 0400 01 00000857
आपल्या_मनाने 04 01 0400 01 00000857
आपल्या_मर्जीने 04 01 0400 01 00000857
आपल्यासाठी 04 01 0400 01 00000856
आपसया 04 01 0400 01 00012384
आपसात 04 01 0400 01 00006712
आपसूक 04 01 0400 01 00012384
आपाप 04 01 0400 01 00000052
आपोआप 04 01 0400 02 00000052 00012384
आमरण 04 01 0400 01 00008522
आयता 04 01 0400 01 00000052
आयुष्यभर 04 01 0400 02 00008522 00021097
आरपार 04 01 0400 01 00011920
आराम_न_करता 04 01 0400 01 00007390
आरामशीर 04 00 01 00054325
आवळून 04 01 0400 01 00037132
आश्चर्यपूर्वक 04 01 0400 01 00001241
आसपास 04 01 0400 01 00008480
आसमंत 04 01 0400 01 00000929
आसमंतात् 04 01 0400 01 00000929
आस्ते 04 01 0400 01 00010085
इकडून_तिकडे 04 01 0400 01 00036164
इकडे 04 01 0400 02 00001730 00002647
इकडे_तिकडे 04 01 0400 01 00009016
इकडेतिकडे 04 01 0400 01 00033843
इतःपर 04 01 0400 02 00051165 00023772
इतका 04 01 0400 01 00028167
इतक्यात 04 01 0400 01 00011154
इतरत्र 04 01 0400 01 00000374
इतरांकडून 04 01 0400 01 00018059
इतस्ततः 04 01 0400 01 00033843
इथे 04 01 0400 03 00001730 00002647 00033922
इसवी_सन 04 01 0400 01 00028154
इसवीपूर्व 04 01 0400 01 00029151
इसवीसनपूर्व 04 01 0400 01 00029151
ईर्षा_न_ठेवता 04 01 0400 01 00001117
ईर्ष्येने 04 01 0400 01 00001118
उंच 04 01 0400 01 00010973
उकिडवा 04 01 0400 01 00008551
उगा 04 01 0400 01 00004663
उगाच 04 01 0400 02 00002243 00002879
उगामुगा 04 01 0400 01 00004663
उगीच 04 01 0400 01 00002879
उघड 04 01 0400 01 00051780
उघडउघड 04 01 0400 01 00051780
उघडपणे 04 01 0400 01 00000796
उजवीडावीकडे 04 01 0400 01 00035728
उड्या_मारत 04 01 0400 01 00034330
उदाहरणार्थ 04 01 0400 01 00010930
उद्या 04 01 0400 01 00022208
उपडा 04 01 0400 01 00006621
उपरांत 04 01 0400 01 00002813
उलट 04 01 0400 01 00011704
उलट_सुलट 04 01 0400 01 00025225
उलटा 04 01 0400 01 00006621
उशिरा 04 01 0400 01 00001586
उशिराने 04 01 0400 01 00001586
एकंदर 04 01 0400 01 00011113
एकजुटीने 04 01 0400 01 00025552
एकटंक 04 01 0400 01 00007872
एकटक 04 01 0400 02 00007872 00012064
एकटा 04 01 0400 01 00014619
एकटाच 04 01 0400 01 00014619
एकत्रपणे 04 01 0400 01 00000596
एकत्रितपणे 04 01 0400 01 00025552
एकदम 04 01 0400 02 00000051 00006468
एकदा 04 01 0400 01 00004083
एकमेकांशी 04 01 0400 01 00006712
एकसाथ 04 01 0400 01 00034412
एकसारखा 04 01 0400 01 00002868
एका_बाजूला 04 01 0400 01 00011097
एकाएकी 04 01 0400 01 00000051
एकाच_वेळी 04 01 0400 01 00034412
एकीकडे 04 01 0400 01 00011097
एकूण 04 01 0400 01 00011113
एकोप्याने 04 01 0400 01 00025552
एवढा 04 01 0400 01 00028167
एवढेच 04 01 0400 01 00011157
ऐनवेळी 04 01 0400 01 00037185
ऐवजी 04 01 0400 01 00035466
ऐसपैस 04 00 01 00051268
ओक्शाबोक्शी 04 01 0400 01 00013909
ओक्साबोकशी 04 01 0400 01 00013909
ओक्साबोक्शी 04 01 0400 01 00013909
ओझरता 04 01 0400 01 00010191
कडे 04 01 0400 01 00000853
कदाचित 04 01 0400 01 00004084
कदापि 04 01 0400 01 00012368
कधी 04 01 0400 01 00004083
कधी_ना_कधी 04 01 0400 01 00020897
कधी_लवकर_कधी_उशीरा 04 01 0400 01 00020898
कधीकधी 04 01 0400 01 00008465
कधीच_नाही 04 01 0400 01 00028209
कधीतरी 04 01 0400 02 00008465 00004083
कधीपर्यंत 04 01 0400 01 00035892
कधीमधी 04 01 0400 01 00008465
कधीही 04 01 0400 02 00004044 00012368
कनी 04 01 0400 01 00034189
कबूल 04 00 01 00052278
कमी 04 01 0400 01 00034925
कमी-अधिक 04 01 0400 01 00024746
कमी-अधिक_प्रमाणात 04 01 0400 01 00024746
कमी-जास्त_प्रमाणात 04 01 0400 01 00024746
कमीअधिक_प्रमाणात 04 01 0400 01 00024746
कमीजास्त 04 01 0400 01 00024746
कमीजास्त_प्रमाणात 04 01 0400 01 00024746
कमीतकमी 04 01 0400 01 00036014
कर्मधर्मसंयोगाने 04 01 0400 01 00002624
कर्मानुसार 04 01 0400 01 00022955
कसा 04 01 0400 02 00011104 00012651
कसा_तरी 04 01 0400 01 00036530
कसातरी 04 00 01 00021988
कसाबसा 04 01 0400 02 00000595 00021988
कसेही 04 01 0400 01 00021991
कसेही_करून 04 01 0400 01 00034654
कसेही_करून 04 01 0400 01 00021991
का 04 01 0400 01 00012649
काठोकाठ 04 01 0400 01 00010982
काय_म्हणून 04 01 0400 01 00012649
कायदेनुसार 04 01 0400 01 00005946
कायद्यानुसार 04 01 0400 01 00015623
कायद्याने 04 01 0400 02 00015623 00005946
कायम 04 01 0400 01 00034620
कारणाने 04 01 0400 01 00007208
कारणामुळे 04 01 0400 01 00007208
कारणास्तव 04 01 0400 02 00007208 00010835
काल 04 01 0400 01 00022207
कालांतराने 04 01 0400 01 00002094
काहीही_करून 04 01 0400 01 00034654
काहीही_झाले_तरी 04 01 0400 01 00021991
किंचित 04 01 0400 01 00008861
किंबहुना 04 01 0400 01 00012647
कितीतरी 04 01 0400 01 00013178
किमानपक्षी 04 01 0400 01 00036014
कुठपर्यंत 04 01 0400 01 00001662
कुठपावेतो 04 01 0400 01 00001662
कुठवर 04 01 0400 01 00001662
कुठे 04 01 0400 03 00004257 00013176 00028209
कुठेतरी 04 01 0400 02 00013175 00035635
कुणीकडे 04 01 0400 01 00004258
कुल्चा 04 01 0400 01 00034194
कुवेळ 04 01 0400 01 00003201
कृत्रिमपणे 04 01 0400 01 00023236
कृत्रिमरित्या 04 01 0400 01 00023236
कृपया 04 01 0400 02 00001179 00011357
कृपा_करून 04 01 0400 01 00001179
कृपाकरून 04 01 0400 01 00011357
केव्हा_पर्यंत 04 01 0400 01 00035892
केव्हांतरी 04 01 0400 01 00020897
केव्हाही 04 01 0400 01 00012368
कोठे 04 01 0400 01 00013176
कोठेकोठे 04 01 0400 01 00034954
कौशल्याने 04 01 0400 01 00000594
क्रमशः 04 01 0400 01 00004556
क्रमाने 04 01 0400 01 00004556
क्रूरपणे 04 01 0400 01 00001170
क्वचित 04 01 0400 01 00008465
क्षणभर 04 01 0400 01 00012924
क्षणोक्षणी 04 01 0400 02 00007875 00037365
खचाखच 04 01 0400 01 00005766
खचित 04 01 0400 01 00003150
खच्चून 04 01 0400 01 00005766
खडाखड 04 01 0400 01 00018972
खदखद 04 01 0400 01 00052987
खदाखदा 04 01 0400 01 00052987
खरं-खरं 04 01 0400 01 00024238
खरे-खरे 04 01 0400 01 00024238
खरेतर 04 01 0400 01 00000526
खाडा_करून 04 01 0400 01 00016211
खात्रीने 04 01 0400 01 00003150
खात्रीपूर्वक 04 01 0400 02 00003150 00028224
खालपासून_वरपर्यंत 04 01 0400 01 00035289
खाली 04 01 0400 02 00002148 00008992
खालीवर 04 01 0400 01 00015675
खालून_वरपर्यंत 04 01 0400 01 00035289
खुदकन 04 01 0400 01 00053043
खुबीने 04 01 0400 02 00000594 00016207
खुलेआम 04 01 0400 01 00000796
खुल्लम_खुल्ला 04 01 0400 01 00000796
खूप 04 01 0400 03 00013474 00013340 00017945
खूप_वेळा 04 01 0400 01 00007210
खूपच_चांगले 04 01 0400 01 00000524
खूपदा 04 01 0400 01 00007210
खोखो 04 01 0400 01 00052987
खोल 04 01 0400 01 00002147
गंभीररीत्या 04 01 0400 01 00034837
गचका_देत 04 01 0400 01 00024222
गच्च 04 01 0400 03 00005766 00037132 00052181
गटागट 04 01 0400 01 00037442
गटागटा 04 01 0400 01 00037442
गतवर्षी 04 01 0400 01 00034481
गतसाली 04 01 0400 01 00034481
गदगदा 04 01 0400 01 00038074
गदागदा 04 01 0400 01 00038074
गप 04 01 0400 01 00031676
गपचूप 04 01 0400 01 00004663
गप्प 04 01 0400 01 00031676
गरकन 04 01 0400 01 00053906
गरदिशी 04 01 0400 01 00053906
गर्रकन 04 01 0400 01 00053906
गर्वाने 04 01 0400 01 00000833
गारव्याच्या_वेळी 04 01 0400 01 00019130
गुपचिप 04 01 0400 01 00034475
गुपचुप 04 01 0400 01 00034475
गुपचूप 04 01 0400 04 00002297 00004663 00010786 00034475
गुप्तपणे 04 01 0400 01 00002297
गुलुगुलू 04 01 0400 01 00053163
गुळमुळीत 04 01 0400 01 00000527
गुळमुळीतपणे 04 01 0400 01 00000527
ग्राह्य 04 00 01 00052278
घटघटा 04 01 0400 01 00037442
घटाघट 04 01 0400 01 00037442
घटाघटा 04 01 0400 01 00037442
घट्ट 04 01 0400 02 00037132 00052181
घडीघडी 04 01 0400 01 00011236
घरटी 04 00 01 00053284
घरबसल्या 04 01 0400 01 00000052
घरभर 04 01 0400 01 00051405
घरोघर 04 01 0400 01 00008706
घळघळ 04 01 0400 01 00054547
घुटघुट 04 01 0400 01 00037442
चक्क 04 00 01 00054556
चटकन 04 01 0400 01 00001922
चटपट 04 01 0400 01 00001922
चटाचट 04 01 0400 01 00038064
चटाचटा 04 01 0400 01 00038064
चळचळ 04 01 0400 01 00003220
चळचळा 04 01 0400 01 00003220
चहुकडे 04 01 0400 01 00000929
चांगला 04 01 0400 03 00012316 00014108 00010797
चांगले 04 01 0400 01 00000524
चांगल्या_तर्‍हेने 04 01 0400 01 00010827
चांगल्या_पद्धतीने 04 01 0400 01 00010827
चांगल्या_प्रकारे 04 01 0400 01 00010797
चांगल्या_तर्‍हेने 04 01 0400 01 00016207
चांगल्या_प्रकारे 04 01 0400 01 00000524
चांगल्या_रीतीने 04 01 0400 01 00016207
चार_पटीने 04 01 0400 01 00022932
चारपट 04 01 0400 01 00022932
चारी_दिशांना 04 01 0400 01 00000929
चारी_बाजूंस 04 01 0400 01 00000929
चारीकडे 04 01 0400 01 00000929
चिंताग्रस्त_होऊन 04 01 0400 01 00001263
चिंतित_होऊन 04 01 0400 01 00001263
चुपचाप 04 01 0400 01 00004663
चुरूचुरू 04 01 0400 01 00054586
चोहीकडे 04 01 0400 01 00000929
चोहोकोनी 04 01 0400 01 00000929
चौकोनात 04 01 0400 01 00009664
चौखूर 04 01 0400 01 00051478
चौतर्फा 04 01 0400 01 00000929
चौथ्यांदा 04 01 0400 01 00014824
चौपट 04 01 0400 01 00022932
चौफेर 04 01 0400 01 00000929
च्या_ऐवजी 04 01 0400 01 00034955
च्या_विचाराने 04 01 0400 01 00034937
च्या_विरुद्ध 04 01 0400 01 00034258
च्या_विरोधात 04 01 0400 01 00034258
च्या_हिशोबाने 04 01 0400 01 00034937
च्याआधारे 04 01 0400 01 00034841
च्यात 04 01 0400 01 00035208
च्यापेक्षा_वेगळा 04 01 0400 01 00034857
च्यामध्ये 04 01 0400 01 00035208
छान 04 01 0400 01 00014108
छुमछुम 04 01 0400 01 00053698
जन्मतः 04 01 0400 01 00037079
जन्मभर 04 01 0400 01 00008522
जबदस्तीने 04 01 0400 01 00009603
जबरदस्त 04 01 0400 01 00013474
जर 04 01 0400 01 00005487
जरा 04 01 0400 01 00008861
जरूर 04 01 0400 01 00030693
जलद 04 01 0400 03 00053731 00034431 00021990
जवळ 04 01 0400 02 00000373 00000853
जवळजवळ 04 01 0400 02 00002102 00038550
जवळपास 04 01 0400 04 00008480 00002102 00013175 00038550
जसजसा 04 01 0400 01 00021989
जसा_जसा 04 01 0400 01 00021989
जसे 04 01 0400 01 00032637
जसेच्या_तसे 04 01 0400 02 00024620 00019292
जागच्या_जागी 04 01 0400 01 00023026
जागोजाग 04 01 0400 01 00011086
जाणीवपूर्वक 04 01 0400 01 00010972
जाणूनबुजून 04 01 0400 01 00010972
जात्या 04 01 0400 01 00001026
जादा 04 01 0400 01 00011702
जाम 04 01 0400 02 00052181 00013474
जास्त 04 01 0400 01 00011702
जास्तीत_जास्त 04 01 0400 01 00034793
जाहीरपणे 04 01 0400 01 00000796
जिथे 04 01 0400 01 00023755
जीवनभर 04 01 0400 01 00021097
जेथे 04 01 0400 01 00023755
जेमतेम 04 00 01 00021988
जेव्हा 04 01 0400 01 00005486
जैसे 04 01 0400 01 00032637
जोडीने 04 01 0400 01 00028602
जोपर्यंत 04 01 0400 01 00011084
जोरदार 04 01 0400 01 00011105
जोरदारपणे 04 01 0400 01 00004250
जोरात 04 01 0400 03 00011105 00011941 00013550
जोवर 04 01 0400 01 00011084
ज्याप्रकारे 04 01 0400 01 00032637
ज्याप्रमाणे 04 01 0400 01 00032637
झकत 04 01 0400 01 00002095
झटकन 04 01 0400 02 00001922 00051682
झटका_देत 04 01 0400 01 00024222
झटझट 04 01 0400 01 00001922
झटदिशी 04 01 0400 01 00001922
झटपट 04 01 0400 01 00001922
झटाझटा 04 01 0400 01 00001922
झडतपडत 04 01 0400 01 00036530
झरकन 04 01 0400 01 00053906
झरदिशी 04 01 0400 01 00053906
झर्रकन 04 01 0400 01 00053906
झुळझुळ 04 01 0400 01 00038118
झुळझुळू 04 01 0400 01 00038118
झुळूझुळू 04 01 0400 01 00038118
टक_लावून 04 01 0400 01 00012064
टकटका 04 01 0400 01 00007872
टकमक 04 01 0400 01 00007872
टकामका 04 01 0400 01 00007872
टक्का 04 01 0400 01 00009502
टरकन 04 01 0400 01 00053985
टरदिशी 04 01 0400 01 00053985
टाकोटाक 04 01 0400 01 00034431
टुनकन 04 01 0400 01 00051546
ठाक-ठिक 04 01 0400 01 00009665
ठाम 04 01 0400 01 00026310
ठामपणे 04 01 0400 01 00026310
ठार 04 01 0400 01 00006468
ठिक 04 01 0400 01 00009665
ठिकठिकाणी 04 01 0400 01 00011086
डावीकडे 04 01 0400 01 00003895
डाव्या_बाजूला 04 01 0400 01 00003895
तडक 04 01 0400 01 00010980
तडकाफडकी 04 01 0400 01 00002620
तडतड 04 01 0400 02 00018939 00018972
तडातड 04 01 0400 01 00018939
तडातडा 04 01 0400 01 00018939
तत्काल 04 01 0400 01 00034431
तत्काळ 04 01 0400 01 00034431
तत्क्षणी 04 01 0400 01 00034431
तदनंतर 04 01 0400 01 00008978
तदनुरूप 04 01 0400 01 00034198
तदनुसार 04 01 0400 01 00034198
तपासून 04 01 0400 01 00011739
तब्बल 04 01 0400 01 00036789
तरीदेखील 04 01 0400 02 00028171 00034295
तरीपण 04 01 0400 02 00028171 00034295
तरीसुद्धा 04 01 0400 02 00028171 00034295
तरीही 04 01 0400 02 00028171 00034295
तसे 04 01 0400 01 00010811
ताडकन 04 01 0400 01 00001922
तात्काळ 04 01 0400 02 00051682 00034431
ताबडतोब 04 01 0400 01 00034431
तिकडे 04 01 0400 02 00001609 00002107
तिकाल 04 01 0400 01 00007161
तितक्यात 04 01 0400 01 00011100
तिथे 04 01 0400 02 00001609 00002107
तिथेच 04 01 0400 01 00034529
तिन्हीत्रिकाळ 04 01 0400 01 00007161
तिन्हीसांजेला 04 01 0400 01 00021986
तिप्पट 04 01 0400 01 00022931
तिरका 04 01 0400 01 00032591
तिरपा 04 01 0400 01 00032591
तिसर्‍यांदा 04 01 0400 01 00014816
तीन_पट 04 01 0400 01 00022931
तुडुंब 04 01 0400 01 00010982
तुलनेत 04 01 0400 01 00008220
तुलनेने 04 01 0400 01 00008220
तूर्त 04 01 0400 01 00002785
तेथे 04 01 0400 01 00001609
तेरवा 04 01 0400 02 00022211 00022212
तेवढ्यात 04 01 0400 01 00011100
तेव्हा 04 01 0400 04 00005933 00005935 00032638 00032639
तोपर्यंत 04 01 0400 01 00011082
तोवर 04 01 0400 01 00011082
त्या_दिशेला 04 01 0400 01 00002107
त्या_दिशेस 04 01 0400 01 00002107
त्या_बाजूला 04 01 0400 01 00002107
त्या_बाजूस 04 01 0400 01 00002107
त्या_वेळी 04 01 0400 01 00005933
त्यानंतर 04 01 0400 01 00008978
त्यामुळे 04 01 0400 01 00032639
त्यावेळी 04 01 0400 01 00032638
त्याशिवाय 04 01 0400 01 00035925
त्यासाठी 04 01 0400 01 00032639
त्रिकाळ 04 01 0400 01 00007161
त्वरित 04 01 0400 01 00034431
त्वरेने 04 01 0400 01 00001922
थरथर 04 01 0400 01 00003220
थरथरा 04 01 0400 01 00003220
थांबून_थांबून 04 01 0400 01 00001850
थेट 04 01 0400 03 00003916 00010980 00012315
थोडं 04 01 0400 01 00006458
थोडक्यात 04 01 0400 01 00034624
थोडा 04 01 0400 02 00008861 00034925
थोडासा 04 01 0400 01 00008861
थोडी_थोडी 04 01 0400 01 00001737
थोडे 04 01 0400 01 00006458
थोडे_थोडे 04 01 0400 01 00001737
थोडे_सुद्धा 04 01 0400 01 00013455
दणादण 04 01 0400 01 00006088
दर_पावला_गणिक 04 01 0400 01 00004558
दर_पावला_सरशी 04 01 0400 01 00004558
दररोज 04 01 0400 01 00006459
दरवर्षी 04 01 0400 01 00011091
दरशेकडा 04 01 0400 01 00009502
दरसाल 04 01 0400 01 00011091
दर्शनार्थ 04 01 0400 01 00006364
दर्शनासाठी 04 01 0400 01 00006364
दह_पटीने 04 01 0400 01 00022941
दहशत_पसरवत 04 01 0400 01 00014752
दहशत_माजवीत 04 01 0400 01 00014752
दहापट 04 01 0400 01 00022941
दहापटीने 04 01 0400 01 00022941
दांडी_मारून 04 01 0400 01 00016211
दारोदार 04 01 0400 01 00009077
दारोदारी 04 01 0400 01 00009077
दिगंत 04 01 0400 01 00000929
दिवसभर 04 01 0400 01 00009105
दिवसरात्र 04 01 0400 01 00007161
दिवसाढवळ्या 04 01 0400 01 00037425
दिवसानुदिवस 04 01 0400 01 00012269
दिवसेंदिवस 04 01 0400 01 00012269
दिवसोंदिवस 04 01 0400 01 00012269
दुतर्फा 04 00 01 00051754
दुप्पट 04 01 0400 01 00022928
दुर्दैवाने 04 01 0400 01 00038559
दुर्भाग्याने 04 01 0400 01 00038559
दुसरीकडे 04 01 0400 03 00000374 00018060 00035042
दुसर्‍या_बाजूला 04 01 0400 01 00035042
दुसर्‍या_एखाद्या_वेळी 04 01 0400 01 00018100
दुसर्‍या_वेळी 04 01 0400 01 00018100
दुसर्‍यांकडून 04 01 0400 01 00018059
दुसर्‍यांदा 04 01 0400 01 00002814
दुसर्‍याकडून 04 01 0400 01 00018059
दूर 04 01 0400 01 00003075
दूरवर 04 01 0400 01 00003075
दृढतेने 04 01 0400 01 00004250
दृष्टीने 04 01 0400 01 00000123
दृष्टीसमोर 04 01 0400 01 00015496
देखत 04 01 0400 01 00000892
देखील 04 01 0400 01 00028094
दोन्हीकडून 04 01 0400 01 00008583
द्वेषाने 04 01 0400 01 00001118
धडधडीत 04 01 0400 01 00051780
धडपडत 04 01 0400 01 00036530
धडाधड 04 01 0400 01 00019572
धर्मार्थ 04 01 0400 01 00015437
धादांत 04 01 0400 01 00051780
धो_धो 04 01 0400 01 00012057
न_चुकता 04 01 0400 01 00007162
न_मागता 04 01 0400 01 00001208
नंतर 04 01 0400 02 00002813 00008978
नऊ_पटीने 04 01 0400 01 00022940
नऊपट 04 01 0400 01 00022940
नक्की 04 01 0400 01 00030693
नजरेसमोर 04 01 0400 01 00015496
नम्रतेने 04 01 0400 01 00012899
नम्रपणाने 04 01 0400 01 00012899
नम्रपणे 04 01 0400 01 00012899
नल्ल 04 01 0400 14 00051104 00054487 00053712 00053366 00053052 00052499 00052339 00051888 00051750 00051658 00051350 00051266 00051261 00054606
नवलपूर्णतेने 04 01 0400 01 00001241
नव्याने 04 01 0400 01 00035063
नशीबाने 04 01 0400 01 00038558
ना 04 01 0400 01 00012705
नाइलाजाने 04 01 0400 01 00002095
नाखुशपणे 04 01 0400 01 00001093
नाखुशीने 04 01 0400 01 00001093
नाममात्र 04 01 0400 01 00013455
नाराजीने 04 01 0400 01 00001093
नाहक 04 01 0400 01 00002879
नाही 04 01 0400 01 00012705
निःशंक 04 01 0400 01 00003150
निःसंकोच 04 01 0400 01 00003726
निःसंशय 04 01 0400 01 00003150
निःस्वार्थीपणे 04 01 0400 01 00019588
निकट 04 01 0400 01 00000373
निक्षून 04 01 0400 01 00051864
नित्य 04 01 0400 01 00007161
निदनापक्ष 04 01 0400 01 00036014
निदान 04 01 0400 01 00036014
निमुटपणे 04 01 0400 01 00004663
निमूट 04 01 0400 01 00004663
निमूटपणे 04 01 0400 01 00010786
नियमानुरूप 04 01 0400 01 00020250
नियमानुसार 04 01 0400 02 00020250 00005946
नियमाने 04 01 0400 01 00005946
नियमाप्रमाणे 04 01 0400 01 00020250
नियमित 04 01 0400 01 00007162
नियमितपणे 04 01 0400 01 00007162
निरंतर 04 01 0400 01 00002868
निरुद्देश 04 01 0400 01 00001455
निरुपायाने 04 01 0400 01 00002095
निर्घृणपणे 04 01 0400 01 00001170
निर्दयतेने 04 01 0400 01 00001170
निर्दयपणे 04 01 0400 01 00001170
निर्धास्तपणे 04 01 0400 01 00036767
निर्विकारपणे 04 01 0400 01 00054562
निर्हेतुक 04 01 0400 01 00001455
निश्चिंतीने 04 01 0400 01 00001262
निश्चितपणे 04 01 0400 01 00003150
निषेधार्थ 04 01 0400 01 00037864
निष्कारण 04 01 0400 02 00002243 00002244
निष्काळजीपणाने 04 01 0400 01 00001963
निष्ठुरपणे 04 01 0400 01 00001170
नीट 04 01 0400 02 00000854 00012316
नीटनेटकेपणे 04 01 0400 01 00000854
नुकता 04 01 0400 01 00011154
नेमका 04 01 0400 01 00035653
नेमाने 04 01 0400 01 00007162
नेरवा 04 01 0400 01 00053767
नेहमी 04 01 0400 02 00007161 00007211
नेहमीप्रमाणे 04 01 0400 01 00024615
पटकन 04 01 0400 02 00001922 00051682
पटदिशी 04 01 0400 01 00001922
पटपट 04 01 0400 01 00001922
पडतझडत 04 01 0400 01 00036530
पडताळून 04 01 0400 01 00011739
पण 04 01 0400 01 00028094
पदोपदी 04 01 0400 01 00037365
पद्धतशीर 04 01 0400 01 00000854
परंपरेनुसार 04 01 0400 01 00009594
परत 04 01 0400 02 00002814 00010819
परतताना 04 01 0400 01 00014421
परभारे 04 01 0400 01 00035664
परवा 04 01 0400 02 00022210 00022209
परस्पर 04 01 0400 02 00006712 00035664
परस्परात 04 01 0400 01 00006712
पराधीनपणे 04 01 0400 01 00002116
परिणाम_म्हणून 04 01 0400 01 00010835
परिणामतः 04 01 0400 01 00010835
पलीकडे 04 01 0400 02 00013309 00032640
पल्याड 04 01 0400 01 00032640
पहाटे 04 01 0400 01 00012218
पहिलेच 04 01 0400 01 00034714
पहिल्यांदा 04 01 0400 01 00000855
पाचपट 04 01 0400 01 00022933
पाचपटीने 04 01 0400 01 00022933
पाठोपाठ 04 01 0400 01 00001268
पायदळी 04 01 0400 01 00035007
पायी 04 01 0400 01 00006274
पारखून 04 01 0400 01 00011739
पालथा 04 01 0400 01 00006621
पावला_सरशी 04 01 0400 01 00004558
पावलागणिक 04 01 0400 01 00037365
पावलोपावली 04 01 0400 01 00037365
पाशी 04 01 0400 01 00000853
पुढे 04 01 0400 06 00002367 00008219 00013310 00003640 00010870 00035067
पुढे_येऊन 04 01 0400 01 00034593
पुढे-पुढे 04 01 0400 01 00002368
पुनः 04 01 0400 01 00002814
पुनःपुन्हा 04 01 0400 01 00011236
पुनरपि 04 01 0400 01 00002814
पुन्हा 04 01 0400 01 00002814
पुन्हा_पुन्हा 04 01 0400 01 00011236
पुन्हापुन्हा 04 01 0400 01 00011236
पुरे 04 01 0400 02 00009611 00031100
पुरेपुरे 04 01 0400 01 00031100
पुरेसा 04 01 0400 01 00031100
पुष्कळ 04 01 0400 01 00013340
पूरेपूर 04 01 0400 01 00031100
पूर्णतः 04 01 0400 02 00006468 00026759
पूर्णतया 04 01 0400 01 00026759
पूर्णपणे 04 01 0400 02 00006468 00026759
पूर्ववत 04 01 0400 01 00009478
पूर्वी 04 01 0400 03 00006907 00003641 00006769
पोटभर 04 01 0400 01 00004723
प्रकटपणे 04 01 0400 01 00000796
प्रत्यक्ष 04 01 0400 02 00000892 00034787
प्रत्यक्षतः 04 01 0400 01 00037341
प्रत्यक्षपणे 04 01 0400 01 00037341
प्रत्यक्षात 04 01 0400 01 00000526
प्रत्येकात 04 01 0400 01 00011090
प्रथम 04 01 0400 01 00006768
प्रथमतः 04 01 0400 01 00000855
प्रमाणे 04 01 0400 01 00000123
प्रयत्नपूर्वक 04 01 0400 01 00000053
प्रयत्नाने 04 01 0400 01 00000053
प्रवाहाच्या_दिशेत 04 01 0400 01 00027740
प्रवाहाच्या_दिशेने 04 01 0400 01 00027740
प्रायः 04 01 0400 01 00007211
प्रायशः 04 01 0400 01 00007211
फटफट 04 01 0400 01 00018972
फार 04 01 0400 02 00013474 00013340
फिरून 04 01 0400 02 00002814 00010819
फुकट 04 01 0400 02 00002243 00017931
फुका 04 01 0400 01 00002243
फोल 04 01 0400 01 00017931
बघून 04 01 0400 01 00011739
बदल्यात 04 01 0400 01 00035466
बरा 04 01 0400 01 00009665
बरोबर 04 01 0400 06 00035653 00000524 00010187 00019562 00028602 00034412
बरोबरीने 04 01 0400 01 00021460
बर्‍याच_वेळा 04 01 0400 01 00007210
बर्‍याचदा 04 01 0400 01 00007210
बळजबरीने 04 01 0400 01 00009603
बस 04 01 0400 01 00009611
बहुतकरून 04 01 0400 02 00001811 00007211
बहुतांशी 04 01 0400 01 00007211
बहुतेक 04 01 0400 01 00001811
बहुधा 04 01 0400 02 00001811 00007211
बहुशः 04 01 0400 01 00001811
बह्वंशी 04 01 0400 01 00001811
बाजूला 04 01 0400 01 00024384
बाबतीत 04 01 0400 01 00034455
बायकोसह 04 01 0400 01 00012317
बारकाईने 04 01 0400 01 00011074
बाहेर 04 01 0400 03 00007264 00007265 00023775
बिनधास्त 04 01 0400 01 00036767
बुट्टी_मारून 04 01 0400 01 00016211
बुद्धिपुरःसर 04 01 0400 01 00010972
बेकायदेशीररीत्या 04 01 0400 01 00001447
बेछूट 04 01 0400 01 00008471
बेदम 04 01 0400 01 00017945
बेधडक 04 01 0400 02 00036767 00003726
बेधडकपणे 04 01 0400 01 00003726
बेधडकरीत्या 04 01 0400 01 00003726
बेफिकीरीने 04 01 0400 01 00001963
बेलाशक 04 01 0400 01 00036767
भरकन 04 01 0400 01 00001922
भरधांव 04 01 0400 01 00011941
भरधाव 04 01 0400 02 00011941 00034416
भरपूर 04 01 0400 01 00013340
भरपेट 04 01 0400 01 00004723
भरभर 04 01 0400 01 00001922
भरभरून 04 01 0400 01 00013340
भरल्या_गळ्याने 04 01 0400 01 00034834
भरात 04 01 0400 01 00028223
भराभर 04 01 0400 01 00001922
भल्या_पहाटे 04 01 0400 01 00005537
भविष्य_काळात 04 01 0400 01 00003640
भविष्यात 04 01 0400 01 00003640
भाग्याने 04 01 0400 01 00038558
भूतकाळात 04 01 0400 01 00003641
मख्खपणे 04 01 0400 01 00054562
मग 04 01 0400 01 00002813
मघा 04 01 0400 01 00006907
मजबूतीने 04 01 0400 01 00004250
मते 04 01 0400 01 00000123
मत्सर_न_ठेवता 04 01 0400 01 00001117
मदतीने 04 01 0400 01 00034841
मधूनमधून 04 01 0400 01 00011076
मधोमध 04 01 0400 01 00005609
मध्यभागी 04 01 0400 01 00005609
मनमुराद 04 01 0400 01 00009883
मनसोक्त 04 01 0400 01 00009883
मनसोक्तपणे 04 01 0400 01 00009883
मरणोत्तर 04 01 0400 01 00009737
मस्त 04 01 0400 01 00014108
मागच्या_वर्षी 04 01 0400 01 00034481
मागाहून 04 01 0400 01 00002813
मागून 04 01 0400 01 00001207
मागे 04 01 0400 05 00001267 00003641 00006769 00035055 00035398
मागेपुढे 04 01 0400 01 00010759
मागोमाग 04 01 0400 01 00001268
माघे 04 01 0400 01 00001267
मान्य 04 00 01 00052278
मायंदळ 04 01 0400 01 00013340
मायंदळा 04 01 0400 01 00013340
मायंदाल 04 01 0400 01 00013340
मायंधाल 04 01 0400 01 00013340
मुकाट्याने 04 01 0400 01 00004663
मुक्तहस्ते 04 01 0400 01 00012901
मुख्यतः 04 01 0400 01 00004667
मुख्यत्त्वे 04 01 0400 01 00004667
मुख्यत्वे 04 01 0400 01 00004667
मुत्सद्देगिरीने 04 01 0400 01 00000594
मुदतीपूर्वी 04 01 0400 01 00002146
मुद्दाम 04 01 0400 01 00010972
मुळीच 04 01 0400 01 00012368
मुष्किलीने 04 01 0400 01 00000595
मूलतः 04 01 0400 01 00023786
मृत्यूनंतर 04 01 0400 01 00009737
मेल्यानंतर 04 01 0400 01 00009737
मेल्यावर 04 01 0400 01 00009737
मोठ्या_मुश्किलीने 04 01 0400 01 00036530
म्हणून 04 01 0400 02 00006460 00032639
यंदा 04 01 0400 01 00032399
यंदाच्या_वर्षी 04 01 0400 01 00032399
यत्किंचित 04 01 0400 01 00008861
यथातथा 04 00 01 00021988
यथातथ्य 04 01 0400 01 00051029
यथानियम 04 01 0400 01 00020250
यथामती 04 01 0400 01 00037426
यथारीत 04 01 0400 01 00009594
यथारीती 04 01 0400 01 00009594
यथावकाश 04 01 0400 01 00038077
यथावत 04 01 0400 01 00024620
यथाशक्ती 04 01 0400 01 00009882
यथास्थानी 04 01 0400 01 00023026
यथास्थित 04 01 0400 01 00009883
यथेच्छ 04 01 0400 01 00009883
यथेष्ट 04 01 0400 01 00009883
या_जागी 04 01 0400 01 00002647
या_वर्षी 04 01 0400 01 00032399
या_वेळी 04 01 0400 01 00023771
या_वेळेस 04 01 0400 01 00023771
या_साली 04 01 0400 01 00032399
यानंतर 04 01 0400 02 00051165 00023772
यापुढे 04 01 0400 02 00051165 00023772
यावरून 04 01 0400 01 00032639
युक्तीच्या_पोटी 04 01 0400 01 00000594
युक्तीने 04 01 0400 01 00000594
येथे 04 01 0400 03 00001730 00002647 00033922
येनकेनप्रकारे 04 01 0400 01 00036530
योगायोगाने 04 01 0400 01 00002624
योग्य_ठिकाणी 04 01 0400 01 00023026
योग्य_प्रकारे 04 01 0400 01 00016207
योग्य_स्थळी 04 01 0400 01 00023026
राजीखुशीने 04 01 0400 01 00000857
रात्रंदिवस 04 01 0400 01 00007161
रात्रीच्या_रात्री 04 01 0400 01 00017370
राहून_राहून 04 01 0400 01 00034532
रिमझिम 04 01 0400 01 00013562
रोज 04 01 0400 01 00006459
रोजच्याप्रमाणे 04 01 0400 01 00024615
लक्षात 04 01 0400 01 00015496
लगेच 04 01 0400 01 00034431
लटलट 04 01 0400 01 00003220
लटलटा 04 01 0400 01 00003220
लवकर 04 01 0400 02 00001922 00019209
लांब 04 01 0400 02 00003075 00034415
लागलीच 04 01 0400 02 00051682 00034431
लागून 04 01 0400 01 00035922
वक्र 04 01 0400 01 00032591
वर 04 01 0400 08 00010973 00010974 00011702 00011701 00034841 00035923 00035924 00035922
वरखाली 04 01 0400 01 00015675
वरच्या_दिशेने 04 01 0400 01 00035045
वरती 04 01 0400 02 00010974 00011701
वरवर 04 01 0400 03 00010191 00011703 00054665
वरून 04 01 0400 02 00011704 00035925
वस्तुतः 04 01 0400 01 00000526
वाईट 04 01 0400 01 00014109
वाकडा 04 01 0400 01 00032591
वाजता 04 01 0400 01 00011099
वाढीव 04 01 0400 01 00011702
वाया 04 01 0400 01 00017931
वारंवार 04 01 0400 01 00011236
वास्तविक 04 01 0400 01 00000526
विचारपूर्वक 04 01 0400 01 00001807
विनयपूर्वक 04 01 0400 01 00012899
विनाकारण 04 01 0400 02 00002243 00002244
विनासायास 04 01 0400 01 00000052
विफल 04 01 0400 01 00017931
विलंबाने 04 01 0400 01 00001586
विशेषतः 04 01 0400 01 00004667
विश्वासपूर्वक 04 01 0400 01 00028224
विश्वासाने 04 01 0400 01 00028224
विषयी 04 01 0400 01 00034455
विसरून 04 01 0400 01 00034940
वेगळे 04 01 0400 01 00024384
वेगाने 04 01 0400 02 00021990 00034416
वेळीअवेळी 04 01 0400 01 00020898
वेळेच्या_आत 04 01 0400 01 00002146
वेळेनुसार 04 01 0400 01 00001358
वेळोवेळी 04 01 0400 01 00011076
व्यतिरिक्त 04 01 0400 01 00034374
व्यर्थ 04 01 0400 02 00002879 00017931
व्यवस्थित 04 01 0400 01 00027635
व्यवस्थितपणे 04 01 0400 01 00000854
शक्यतो 04 01 0400 01 00028610
शांत 04 01 0400 01 00052750
शांततापूर्वक 04 01 0400 01 00013752
शांततेने 04 01 0400 01 00013752
शांतपणे 04 01 0400 01 00004663
शिगोशिग 04 01 0400 01 00010982
शिवाय 04 01 0400 01 00011026
शेकडा 04 01 0400 01 00009502
शेवटाला 04 01 0400 01 00002093
शेवटास 04 01 0400 02 00002093 00002093
शेवटी 04 01 0400 02 00002093 00036014
संकल्पपूर्वक 04 01 0400 01 00002445
संगती 04 01 0400 01 00010187
संगतीने 04 01 0400 01 00034412
संतत 04 01 0400 01 00002868
संदर्भात 04 01 0400 01 00034455
संध्याकाळी 04 01 0400 01 00021986
सकारण 04 01 0400 01 00001121
सकारात्मकjरित्या 04 01 0400 01 00034526
सकाळी 04 01 0400 01 00005537
सकृद्दर्शनी 04 00 01 00052654
सगर्व 04 01 0400 01 00000833
सगळीकडे 04 01 0400 01 00000929
सचिंत 04 01 0400 01 00001263
सचिंतपणे 04 01 0400 01 00001263
सढळहस्ते 04 01 0400 01 00012901
सतत 04 01 0400 02 00002868 00037365
सतर्कतेने 04 01 0400 01 00001920
सदा 04 01 0400 01 00007161
सदेह 04 01 0400 01 00008212
सदैव 04 01 0400 01 00007161
सदोदित 04 01 0400 01 00007161
सध्या 04 01 0400 01 00002785
सन्मानाने 04 01 0400 01 00023778
सन्मुख 04 01 0400 01 00000892
सपत्नीक 04 01 0400 01 00012317
सप्रयोजन 04 01 0400 01 00001121
सभार्या 04 01 0400 01 00012317
सभ्यपणे 04 01 0400 01 00000559
समक्ष 04 01 0400 01 00000892
समजूनउमजून 04 01 0400 01 00010972
समवेत 04 01 0400 01 00010187
समांतर 04 01 0400 01 00030991
समीप 04 01 0400 01 00000373
समूल 04 01 0400 01 00011108
समूळ 04 01 0400 01 00011108
समोर 04 01 0400 04 00000892 00008219 00011921 00010870
सरतेशेवटी 04 01 0400 01 00002093
सरळ 04 01 0400 05 00010980 00012315 00024504 00012314 00034787
सरासरीने 04 01 0400 01 00012672
सर्रास 04 01 0400 01 00052567
सर्वत्र 04 01 0400 01 00000929
सर्वदा 04 01 0400 01 00007161
सर्वप्रथम 04 01 0400 01 00000855
सर्वस्वी 04 01 0400 01 00006468
सर्वांत 04 01 0400 01 00011090
सर्वार्थी 04 01 0400 01 00053164
सर्वार्थें 04 01 0400 01 00053164
सलग 04 01 0400 01 00002868
सविस्तर 04 01 0400 01 00028197
सवे 04 01 0400 01 00010187
सह 04 01 0400 01 00010187
सहकुटुंब 04 01 0400 01 00034933
सहज 04 01 0400 02 00000052 00004728
सहजतेने 04 01 0400 01 00004728
सहजरीत्या 04 01 0400 01 00004728
सहजासहजी 04 01 0400 01 00000052
सहपटीने 04 01 0400 01 00022937
सहपरिवार 04 01 0400 01 00034933
सहर्ष 04 01 0400 01 00002479
सहसा 04 01 0400 01 00001811
सहापट 04 01 0400 01 00022937
सही 04 01 0400 01 00014108
सहेतूक 04 01 0400 01 00001451
सांगण्यानुसार 04 01 0400 01 00011141
सांगाती 04 01 0400 01 00010187
सांगितल्यानुसार 04 01 0400 01 00011141
सांगितल्याप्रमाणे 04 01 0400 01 00011141
सांजवेळी 04 01 0400 01 00021986
सांजसमयी 04 01 0400 01 00021986
सांप्रत 04 01 0400 01 00002785
सांभाळून 04 01 0400 01 00001920
सातपट 04 01 0400 01 00022938
सातपटीने 04 01 0400 01 00022938
सादर 04 01 0400 01 00001464
साधारणतः 04 01 0400 01 00007211
साधारणपणे 04 01 0400 01 00010889
सानंद 04 01 0400 01 00002479
साभार 04 01 0400 01 00025047
साभिमान 04 01 0400 01 00000833
सामान्यतः 04 01 0400 01 00010889
सामान्यपणे 04 01 0400 01 00007211
सामूहिकरीत्या 04 01 0400 01 00000596
सामोरा 04 01 0400 01 00000892
सायासाने 04 01 0400 01 00000053
सारखा 04 01 0400 01 00002868
सावकाश 04 01 0400 02 00052751 00035551
सावधगिरीने 04 01 0400 01 00001920
सावधानतेने 04 01 0400 01 00001920
साश्रू 04 01 0400 01 00020703
सुखरूप 04 01 0400 01 00013133
सुट्टी_न_घेता 04 01 0400 01 00016211
सुद्धा 04 01 0400 01 00028094
सुमारे 04 01 0400 01 00002102
सुरळीत 04 01 0400 01 00000854
सुरवातीला 04 01 0400 01 00006768
सुरूवातीला 04 01 0400 01 00006768
सुलभतेने 04 01 0400 01 00004728
सुव्यवस्थित 04 01 0400 01 00000854
सुसाट 04 01 0400 01 00051902
सैरावैरा 04 01 0400 01 00052731
सोडून 04 01 0400 01 00011026
सोबत 04 01 0400 02 00010187 00028602
सोल्हास 04 01 0400 01 00002479
सौभाग्याने 04 01 0400 01 00038558
स्तब्ध 04 01 0400 01 00010845
स्त्रीसह 04 01 0400 01 00012317
स्थिर_दृष्टीने 04 01 0400 01 00012064
स्पष्टपणे 04 01 0400 01 00000528
स्पष्टरीत्या 04 01 0400 01 00000528
स्फूर्तीने 04 01 0400 01 00001921
स्वखुशीने 04 01 0400 01 00000857
स्वतंत्रपणे 04 01 0400 01 00000896
स्वतः 04 01 0400 01 00004501
स्वतःकरता 04 01 0400 01 00000856
स्वतःशी 04 01 0400 01 00011328
स्वतःसाठी 04 01 0400 01 00000856
स्वतःहून 04 01 0400 01 00012384
स्वताःच्या_मनाने 04 01 0400 01 00000857
स्वभावतः 04 01 0400 01 00001026
स्वस्थ 04 01 0400 02 00052750 00052751
स्वस्थपणे 04 01 0400 01 00052751
स्वांतःसुखाय 04 01 0400 01 00000856
स्वेच्छेने 04 01 0400 01 00000857
हकनाक 04 01 0400 01 00002879
हप्त्याने 04 01 0400 01 00004557
हलगर्जीपणाने 04 01 0400 01 00001963
हल्ली 04 01 0400 01 00002785
हळू 04 01 0400 01 00010084
हळूच 04 01 0400 03 00010084 00010786 00035551
हळूचकन 04 01 0400 01 00010084
हळूहळू 04 01 0400 01 00010085
हवेच्या_दिशेने 04 01 0400 01 00009597
हाताखाली 04 01 0400 01 00026821
हातात 04 01 0400 01 00035515
हाताने 04 01 0400 01 00002887
हाती 04 01 0400 01 00035515
हितार्थ 04 01 0400 01 00022150
ही 04 01 0400 01 00028094
हुबेहूब 04 01 0400 01 00003916
हुशारीने 04 01 0400 01 00000594
हेतूपूर्वक 04 01 0400 01 00001451
हेवा_न_ठेवता 04 01 0400 01 00001117
हौशीने 04 01 0400 01 00007249
हौसेने 04 01 0400 01 00007249
ह्या_जागी 04 01 0400 01 00033922
ह्या_वर्षी 04 01 0400 01 00032399
ह्या_वेळी 04 01 0400 01 00023771
ह्या_वेळेस 04 01 0400 01 00023771
ह्या_साली 04 01 0400 01 00032399
ह्यामुळे 04 01 0400 01 00006460
